Potential energy data
X 71 Y 71 
   -1996     -1014     -3593     -6001     -7570     -8382     -8606
   -8408     -7929     -7287     -6576     -5872     -5230     -4689
   -4268     -3974     -3800     -3732     -3754     -3847     -3994
   -4179     -4390     -4617     -4852     -5089     -5322     -5549
   -5768     -5976     -6174     -6360     -6534     -6696     -6847
   -6987     -7116     -7235     -7345     -7446     -7538     -7623
   -7701     -7773     -7838     -7897     -7951     -8001     -8046
   -8087     -8125     -8159     -8190     -8218     -8244     -8268
   -8289     -8308     -8326     -8342     -8357     -8370     -8382
   -8393     -8403     -8412     -8420     -8427     -8434     -8440
   -8446
 
   -1014      1934     -2463     -5680     -7789     -9061     -9725
   -9971     -9946     -9768     -9525     -9281     -9078     -8939
   -8874     -8883     -8960     -9094     -9275     -9490     -9729
   -9984    -10246    -10511    -10773    -11029    -11276    -11513
  -11737    -11950    -12149    -12335    -12509    -12671    -12821
  -12959    -13087    -13204    -13312    -13411    -13502    -13586
  -13662    -13732    -13796    -13854    -13907    -13955    -14000
  -14040    -14076    -14110    -14140    -14168    -14193    -14216
  -14237    -14256    -14273    -14288    -14303    -14315    -14327
  -14338    -14347    -14356    -14364    -14371    -14378    -14384
  -14389
 
   -3593     -2463     -5208     -7988    -10015    -11341    -12128
  -12532    -12686    -12694    -12634    -12562    -12513    -12507
  -12554    -12653    -12800    -12988    -13207    -13450    -13709
  -13977    -14248    -14516    -14780    -15036    -15281    -15516
  -15737    -15946    -16142    -16325    -16496    -16654    -16801
  -16936    -17061    -17176    -17281    -17378    -17467    -17549
  -17623    -17691    -17754    -17811    -17862    -17910    -17953
  -17992    -18028    -18060    -18090    -18117    -18142    -18164
  -18184    -18203    -18220    -18235    -18249    -18261    -18273
  -18283    -18292    -18301    -18309    -18316    -18322    -18328
  -18333
 
   -6001     -5680     -7988    -10426    -12294    -13559    -14339
  -14767    -14960    -15013    -15000    -14970    -14957    -14980
  -15047    -15160    -15315    -15505    -15724    -15963    -16217
  -16478    -16741    -17002    -17258    -17507    -17745    -17973
  -18188    -18391    -18582    -18760    -18926    -19080    -19222
  -19354    -19476    -19588    -19691    -19786    -19872    -19952
  -20025    -20091    -20152    -20208    -20258    -20304    -20347
  -20385    -20420    -20452    -20481    -20507    -20531    -20553
  -20573    -20591    -20607    -20622    -20636    -20648    -20659
  -20669    -20679    -20687    -20695    -20701    -20708    -20713
  -20719
 
   -7570     -7789    -10015    -12294    -14048    -15242    -15975
  -16371    -16541    -16575    -16543    -16495    -16463    -16465
  -16512    -16603    -16736    -16906    -17105    -17325    -17561
  -17806    -18054    -18302    -18546    -18784    -19012    -19231
  -19438    -19634    -19819    -19991    -20152    -20301    -20440
  -20568    -20686    -20795    -20896    -20988    -21073    -21150
  -21221    -21286    -21346    -21400    -21449    -21494    -21536
  -21573    -21607    -21638    -21667    -21693    -21716    -21737
  -21757    -21775    -21791    -21805    -21818    -21830    -21841
  -21851    -21860    -21869    -21876    -21883    -21889    -21895
  -21900
 
   -8382     -9061    -11341    -13559    -15242    -16369    -17041
  -17379    -17493    -17473    -17388    -17288    -17206    -17161
  -17162    -17211    -17306    -17440    -17608    -17800    -18011
  -18234    -18463    -18694    -18923    -19147    -19364    -19572
  -19771    -19959    -20136    -20302    -20458    -20603    -20737
  -20861    -20976    -21083    -21180    -21270    -21353    -21428
  -21498    -21561    -21619    -21672    -21720    -21765    -21805
  -21842    -21875    -21906    -21933    -21959    -21982    -22003
  -22022    -22039    -22055    -22069    -22082    -22094    -22105
  -22114    -22123    -22131    -22139    -22145    -22151    -22157
  -22162
 
   -8606     -9725    -12128    -14339    -15975    -17041    -17645
  -17911    -17950    -17855    -17696    -17522    -17369    -17257
  -17197    -17190    -17234    -17323    -17450    -17608    -17788
  -17984    -18190    -18401    -18613    -18822    -19026    -19224
  -19413    -19592    -19762    -19922    -20072    -20212    -20342
  -20462    -20574    -20677    -20772    -20860    -20940    -21014
  -21082    -21144    -21201    -21252    -21300    -21343    -21383
  -21418    -21451    -21481    -21508    -21533    -21556    -21576
  -21595    -21612    -21627    -21641    -21654    -21666    -21676
  -21686    -21695    -21702    -21710    -21716    -21722    -21727
  -21732
 
   -8408     -9971    -12532    -14767    -16371    -17379    -17911
  -18096    -18049    -17864    -17614    -17352    -17114    -16921
  -16786    -16712    -16695    -16731    -16811    -16927    -17072
  -17238    -17418    -17606    -17799    -17992    -18182    -18367
  -18545    -18716    -18878    -19032    -19176    -19310    -19436
  -19553    -19661    -19761    -19854    -19939    -20018    -20090
  -20156    -20216    -20272    -20323    -20369    -20411    -20450
  -20485    -20517    -20547    -20574    -20598    -20620    -20640
  -20658    -20675    -20690    -20704    -20717    -20728    -20738
  -20748    -20756    -20764    -20771    -20778    -20783    -20789
  -20794
 
   -7929     -9946    -12686    -14960    -16541    -17493    -17950
  -18049    -17908    -17624    -17273    -16910    -16575    -16291
  -16070    -15918    -15832    -15806    -15833    -15903    -16008
  -16139    -16290    -16453    -16625    -16799    -16974    -17146
  -17314    -17475    -17629    -17775    -17913    -18043    -18164
  -18277    -18382    -18479    -18569    -18652    -18729    -18799
  -18863    -18923    -18977    -19027    -19072    -19114    -19152
  -19186    -19218    -19247    -19273    -19297    -19318    -19338
  -19356    -19373    -19388    -19401    -19414    -19425    -19435
  -19444    -19453    -19460    -19467    -19474    -19479    -19485
  -19489
 
   -7287     -9768    -12694    -15013    -16575    -17473    -17855
  -17864    -17624    -17234    -16775    -16304    -15862    -15477
  -15162    -14923    -14759    -14664    -14631    -14649    -14709
  -14802    -14920    -15056    -15204    -15360    -15518    -15676
  -15831    -15982    -16128    -16267    -16398    -16523    -16639
  -16748    -16850    -16944    -17032    -17112    -17187    -17256
  -17319    -17377    -17430    -17478    -17523    -17564    -17601
  -17635    -17666    -17694    -17720    -17743    -17765    -17784
  -17802    -17818    -17833    -17846    -17858    -17870    -17880
  -17889    -17897    -17905    -17911    -17918    -17923    -17928
  -17933
 
   -6576     -9525    -12634    -15000    -16543    -17388    -17696
  -17614    -17273    -16775    -16202    -15617    -15062    -14568
  -14151    -13817    -13568    -13397    -13297    -13257    -13267
  -13318    -13400    -13506    -13629    -13763    -13903    -14045
  -14188    -14328    -14465    -14596    -14721    -14840    -14952
  -15057    -15155    -15246    -15331    -15409    -15482    -15549
  -15610    -15667    -15719    -15767    -15810    -15850    -15887
  -15920    -15951    -15979    -16004    -16027    -16048    -16067
  -16085    -16101    -16115    -16128    -16140    -16151    -16161
  -16170    -16178    -16186    -16193    -16199    -16204    -16209
  -16214
 
   -5872     -9281    -12562    -14970    -16495    -17288    -17522
  -17352    -16910    -16304    -15617    -14914    -14243    -13634
  -13108    -12673    -12330    -12077    -11903    -11799    -11755
  -11759    -11801    -11874    -11968    -12079    -12199    -12325
  -12454    -12583    -12709    -12832    -12951    -13063    -13170
  -13271    -13365    -13454    -13536    -13612    -13683    -13748
  -13808    -13864    -13914    -13961    -14004    -14043    -14079
  -14112    -14142    -14169    -14194    -14217    -14238    -14257
  -14274    -14290    -14304    -14317    -14329    -14339    -14349
  -14358    -14366    -14373    -14380    -14386    -14392    -14397
  -14401
 
   -5230     -9078    -12513    -14957    -16463    -17206    -17369
  -17114    -16575    -15862    -15062    -14243    -13452    -12726
  -12086    -11544    -11103    -10759    -10506    -10332    -10227
  -10180    -10179    -10215    -10278    -10362    -10461    -10569
  -10683    -10799    -10915    -11030    -11141    -11247    -11349
  -11445    -11536    -11621    -11700    -11774    -11843    -11906
  -11965    -12019    -12069    -12115    -12157    -12195    -12231
  -12263    -12292    -12319    -12344    -12366    -12387    -12405
  -12422    -12438    -12452    -12465    -12476    -12487    -12497
  -12505    -12513    -12521    -12527    -12533    -12539    -12544
  -12548
 
   -4689     -8939    -12507    -14980    -16465    -17161    -17257
  -16921    -16291    -15477    -14568    -13634    -12726    -11882
  -11127    -10473     -9928     -9489     -9149     -8900     -8729
   -8625     -8576     -8571     -8600     -8656     -8731     -8820
   -8917     -9020     -9124     -9229     -9332     -9432     -9528
   -9620     -9706     -9788     -9865     -9936    -10003    -10065
  -10122    -10175    -10224    -10268    -10309    -10347    -10382
  -10414    -10443    -10469    -10493    -10515    -10536    -10554
  -10571    -10586    -10600    -10613    -10624    -10635    -10644
  -10653    -10661    -10668    -10674    -10680    -10686    -10691
  -10695
 
   -4268     -8874    -12554    -15047    -16512    -17162    -17197
  -16786    -16070    -15162    -14151    -13108    -12086    -11127
  -10255     -9490     -8837     -8298     -7867     -7536     -7294
   -7128     -7026     -6976     -6968     -6992     -7041     -7107
   -7187     -7274     -7367     -7461     -7555     -7648     -7738
   -7825     -7908     -7986     -8060     -8129     -8193     -8253
   -8309     -8360     -8408     -8452     -8492     -8529     -8563
   -8595     -8623     -8649     -8673     -8695     -8715     -8733
   -8749     -8765     -8778     -8791     -8802     -8813     -8822
   -8831     -8838     -8845     -8852     -8858     -8863     -8868
   -8872
 
   -3974     -8883    -12653    -15160    -16603    -17211    -17190
  -16712    -15918    -14923    -13817    -12673    -11544    -10473
   -9490     -8612     -7850     -7208     -6682     -6265     -5946
   -5713     -5553     -5454     -5404     -5393     -5413     -5456
   -5516     -5587     -5665     -5749     -5834     -5919     -6003
   -6084     -6162     -6237     -6307     -6374     -6436     -6494
   -6548     -6598     -6645     -6688     -6727     -6764     -6797
   -6828     -6856     -6882     -6905     -6927     -6946     -6964
   -6980     -6995     -7009     -7021     -7033     -7043     -7052
   -7061     -7068     -7075     -7082     -7088     -7093     -7098
   -7102
 
   -3800     -8960    -12800    -15315    -16736    -17306    -17234
  -16695    -15832    -14759    -13568    -12330    -11103     -9928
   -8837     -7850     -6982     -6236     -5612     -5104     -4704
   -4399     -4176     -4023     -3928     -3879     -3867     -3883
   -3921     -3974     -4037     -4108     -4183     -4260     -4337
   -4412     -4486     -4556     -4623     -4687     -4747     -4803
   -4856     -4905     -4950     -4992     -5030     -5066     -5099
   -5129     -5156     -5182     -5205     -5226     -5246     -5263
   -5279     -5294     -5307     -5320     -5331     -5341     -5350
   -5359     -5366     -5373     -5380     -5385     -5391     -5395
   -5400
 
   -3732     -9094    -12988    -15505    -16906    -17440    -17323
  -16731    -15806    -14664    -13397    -12077    -10759     -9489
   -8298     -7208     -6236     -5388     -4665     -4065     -3580
   -3198     -2908     -2697     -2552     -2461     -2413     -2400
   -2414     -2446     -2494     -2551     -2615     -2682     -2751
   -2821     -2889     -2955     -3019     -3080     -3137     -3191
   -3242     -3289     -3333     -3374     -3412     -3447     -3479
   -3509     -3536     -3561     -3583     -3604     -3623     -3641
   -3657     -3671     -3685     -3697     -3708     -3718     -3727
   -3735     -3743     -3750     -3756     -3762     -3767     -3772
   -3776
 
   -3754     -9275    -13207    -15724    -17105    -17608    -17450
  -16811    -15833    -14631    -13297    -11903    -10506     -9149
   -7867     -6682     -5612     -4665     -3846     -3154     -2581
   -2120     -1758     -1485     -1285     -1148     -1062     -1016
   -1003     -1013     -1042     -1085     -1136     -1193     -1254
   -1317     -1379     -1441     -1501     -1558     -1613     -1665
   -1714     -1760     -1802     -1842     -1879     -1913     -1945
   -1974     -2000     -2025     -2047     -2068     -2087     -2104
   -2120     -2134     -2147     -2159     -2170     -2180     -2189
   -2197     -2205     -2212     -2218     -2224     -2229     -2233
   -2238
 
   -3847     -9490    -13450    -15963    -17325    -17800    -17608
  -16927    -15903    -14649    -13257    -11799    -10332     -8900
   -7536     -6265     -5104     -4065     -3154     -2370     -1710
   -1167      -732      -391      -134        53       182       263
     307       321       312       287       249       203       151
      96        40       -17       -72      -126      -178      -228
    -275      -319      -360      -399      -435      -468      -499
    -527      -554      -578      -600      -620      -639      -656
    -671      -685      -698      -710      -721      -731      -740
    -748      -756      -762      -768      -774      -779      -784
    -788
 
   -3994     -9729    -13709    -16217    -17561    -18011    -17788
  -17072    -16008    -14709    -13267    -11755    -10227     -8729
   -7294     -5946     -4704     -3580     -2581     -1710      -965
    -341       171       580       899      1140      1315      1435
    1512      1553      1567      1560      1538      1504      1463
    1416      1366      1316      1265      1214      1165      1118
    1074      1031       991       954       919       887       857
     829       803       779       758       738       719       703
     687       673       660       649       638       628       619
     611       604       597       591       585       580       576
     571
 
   -4179     -9984    -13977    -16478    -17806    -18234    -17984
  -17238    -16139    -14802    -13318    -11759    -10180     -8625
   -7128     -5713     -4399     -3198     -2120     -1167      -341
     363       951      1431      1814      2111      2336      2499
    2611      2683      2722      2735      2730      2710      2680
    2643      2601      2556      2510      2464      2419      2374
    2332      2291      2253      2217      2183      2152      2122
    2095      2070      2047      2026      2006      1988      1971
    1956      1942      1929      1918      1907      1898      1889
    1881      1873      1867      1861      1855      1850      1846
    1841
 
   -4390    -10246    -14248    -16741    -18054    -18463    -18190
  -17418    -16290    -14920    -13400    -11801    -10179     -8576
   -7026     -5553     -4176     -2908     -1758      -732       171
     951      1612      2163      2611      2968      3246      3454
    3606      3710      3777      3813      3827      3822      3805
    3778      3744      3706      3666      3625      3583      3542
    3502      3463      3427      3392      3360      3329      3301
    3274      3249      3227      3206      3186      3169      3152
    3137      3124      3111      3100      3089      3080      3071
    3063      3056      3049      3043      3037      3032      3028
    3024
 
   -4617    -10511    -14516    -17002    -18302    -18694    -18401
  -17606    -16453    -15056    -13506    -11874    -10215     -8571
   -6976     -5454     -4023     -2697     -1485      -391       580
    1431      2163      2782      3296      3714      4046      4303
    4496      4637      4734      4795      4830      4842      4839
    4823      4799      4769      4735      4698      4661      4623
    4586      4550      4515      4482      4451      4421      4394
    4368      4344      4322      4301      4282      4265      4249
    4234      4220      4208      4197      4186      4177      4168
    4160      4153      4146      4140      4135      4130      4125
    4121
 
   -4852    -10773    -14780    -17258    -18546    -18923    -18613
  -17799    -16625    -15204    -13629    -11968    -10278     -8600
   -6968     -5404     -3928     -2552     -1285      -134       899
    1814      2611      3296      3873      4351      4739      5047
    5285      5464      5594      5684      5741      5773      5785
    5782      5769      5747      5720      5689      5656      5622
    5588      5554      5522      5490      5460      5432      5405
    5380      5357      5335      5315      5296      5279      5263
    5249      5236      5223      5212      5202      5192      5184
    5176      5169      5162      5156      5151      5146      5142
    5138
 
   -5089    -11029    -15036    -17507    -18784    -19147    -18822
  -17992    -16799    -15360    -13763    -12079    -10362     -8656
   -6992     -5393     -3879     -2461     -1148        53      1140
    2111      2968      3714      4351      4888      5332      5691
    5976      6196      6361      6481      6564      6617      6646
    6658      6656      6644      6624      6600      6572      6542
    6511      6480      6450      6420      6392      6365      6339
    6315      6292      6271      6252      6233      6217      6201
    6187      6174      6161      6150      6140      6131      6122
    6115      6108      6101      6095      6090      6085      6081
    6077
 
   -5322    -11276    -15281    -17745    -19012    -19364    -19026
  -18182    -16974    -15518    -13903    -12199    -10461     -8731
   -7041     -5413     -3867     -2413     -1062       182      1315
    2336      3246      4046      4739      5332      5830      6240
    6572      6835      7038      7190      7301      7377      7426
    7453      7464      7462      7452      7434      7412      7387
    7360      7332      7304      7277      7250      7224      7200
    7176      7154      7134      7115      7097      7081      7065
    7051      7038      7026      7016      7006      6996      6988
    6980      6973      6967      6961      6956      6951      6946
    6942
 
   -5549    -11513    -15516    -17973    -19231    -19572    -19224
  -18367    -17146    -15676    -14045    -12325    -10569     -8820
   -7107     -5456     -3883     -2400     -1016       263      1435
    2499      3454      4303      5047      5691      6240      6701
    7080      7386      7628      7815      7955      8057      8127
    8172      8197      8207      8206      8196      8181      8161
    8138      8114      8089      8063      8038      8014      7991
    7969      7948      7928      7909      7892      7876      7861
    7847      7834      7823      7812      7802      7793      7785
    7777      7770      7764      7758      7753      7748      7743
    7739
 
   -5768    -11737    -15737    -18188    -19438    -19771    -19413
  -18545    -17314    -15831    -14188    -12454    -10683     -8917
   -7187     -5516     -3921     -2414     -1003       307      1512
    2611      3606      4496      5285      5976      6572      7080
    7505      7855      8137      8359      8531      8660      8753
    8817      8859      8882      8892      8891      8882      8868
    8850      8829      8807      8785      8762      8739      8717
    8696      8676      8657      8639      8622      8606      8592
    8578      8566      8554      8544      8534      8525      8517
    8509      8502      8496      8490      8485      8480      8476
    8472
 
   -5976    -11950    -15946    -18391    -19634    -19959    -19592
  -18716    -17475    -15982    -14328    -12583    -10799     -9020
   -7274     -5587     -3974     -2446     -1013       321      1553
    2683      3710      4637      5464      6196      6835      7386
    7855      8246      8568      8827      9032      9189      9307
    9393      9452      9490      9512      9520      9520      9512
    9499      9483      9464      9445      9424      9403      9383
    9363      9344      9326      9308      9292      9277      9263
    9249      9237      9226      9215      9206      9197      9189
    9181      9175      9168      9163      9157      9153      9148
    9144
 
   -6174    -12149    -16142    -18582    -19819    -20136    -19762
  -18878    -17629    -16128    -14465    -12709    -10915     -9124
   -7367     -5665     -4037     -2494     -1042       312      1567
    2722      3777      4734      5594      6361      7038      7628
    8137      8568      8928      9224      9462      9650      9794
    9902      9981     10035     10070     10089     10098     10097
   10090     10079     10064     10047     10029     10011      9992
    9973      9955      9938      9921      9906      9891      9877
    9864      9853      9841      9831      9822      9813      9805
    9798      9791      9785      9779      9774      9769      9765
    9761
 
   -6360    -12335    -16325    -18760    -19991    -20302    -19922
  -19032    -17775    -16267    -14596    -12832    -11030     -9229
   -7461     -5749     -4108     -2551     -1085       287      1560
    2735      3813      4795      5684      6481      7190      7815
    8359      8827      9224      9555      9826     10045     10216
   10349     10448     10519     10569     10601     10619     10627
   10627     10620     10610     10597     10582     10565     10548
   10531     10515     10498     10483     10468     10453     10440
   10428     10416     10405     10395     10386     10377     10369
   10362     10355     10349     10344     10339     10334     10330
   10326
 
   -6534    -12509    -16496    -18926    -20152    -20458    -20072
  -19176    -17913    -16398    -14721    -12951    -11141     -9332
   -7555     -5834     -4183     -2615     -1136       249      1538
    2730      3827      4830      5741      6564      7301      7955
    8531      9032      9462      9826     10130     10379     10579
   10736     10857     10948     11013     11058     11088     11104
   11112     11111     11106     11097     11085     11071     11056
   11041     11025     11010     10995     10981     10967     10955
   10943     10931     10921     10911     10902     10893     10886
   10878     10872     10866     10860     10855     10851     10846
   10843
 
   -6696    -12671    -16654    -19080    -20301    -20603    -20212
  -19310    -18043    -16523    -14840    -13063    -11247     -9432
   -7648     -5919     -4260     -2682     -1193       203      1504
    2710      3822      4842      5773      6617      7377      8057
    8660      9189      9650     10045     10379     10657     10885
   11068     11212     11322     11405     11465     11506     11533
   11549     11555     11555     11550     11542     11531     11518
   11505     11491     11477     11463     11450     11437     11425
   11413     11402     11392     11382     11373     11365     11358
   11351     11344     11338     11333     11328     11323     11319
   11315
 
   -6847    -12821    -16801    -19222    -20440    -20737    -20342
  -19436    -18164    -16639    -14952    -13170    -11349     -9528
   -7738     -6003     -4337     -2751     -1254       151      1463
    2680      3805      4839      5785      6646      7426      8127
    8753      9307      9794     10216     10579     10885     11139
   11348     11515     11647     11748     11824     11878     11916
   11941     11955     11961     11961     11956     11949     11939
   11927     11915     11903     11890     11878     11865     11854
   11843     11832     11822     11813     11804     11796     11789
   11782     11775     11769     11764     11759     11755     11750
   11747
 
   -6987    -12959    -16936    -19354    -20568    -20861    -20462
  -19553    -18277    -16748    -15057    -13271    -11445     -9620
   -7825     -6084     -4412     -2821     -1317        96      1416
    2643      3778      4823      5782      6658      7453      8172
    8817      9393      9902     10349     10736     11068     11348
   11581     11771     11924     12045     12137     12206     12256
   12290     12313     12326     12331     12331     12327     12320
   12311     12301     12290     12279     12267     12256     12245
   12234     12224     12215     12206     12197     12189     12182
   12175     12169     12163     12158     12153     12149     12144
   12141
 
   -7116    -13087    -17061    -19476    -20686    -20976    -20574
  -19661    -18382    -16850    -15155    -13365    -11536     -9706
   -7908     -6162     -4486     -2889     -1379        40      1366
    2601      3744      4799      5769      6656      7464      8197
    8859      9452      9981     10448     10857     11212     11515
   11771     11984     12159     12298     12408     12492     12555
   12601     12632     12653     12664     12669     12669     12666
   12660     12652     12642     12632     12622     12612     12601
   12591     12582     12573     12564     12556     12548     12541
   12534     12528     12523     12517     12513     12508     12504
   12500
 
   -7235    -13204    -17176    -19588    -20795    -21083    -20677
  -19761    -18479    -16944    -15246    -13454    -11621     -9788
   -7986     -6237     -4556     -2955     -1441       -17      1316
    2556      3706      4769      5747      6644      7462      8207
    8882      9490     10035     10519     10948     11322     11647
   11924     12159     12353     12512     12639     12739     12816
   12874     12915     12944     12963     12973     12978     12978
   12975     12969     12962     12954     12945     12935     12926
   12916     12907     12899     12890     12883     12875     12868
   12862     12856     12850     12845     12840     12836     12832
   12828
 
   -7345    -13312    -17281    -19691    -20896    -21180    -20772
  -19854    -18569    -17032    -15331    -13536    -11700     -9865
   -8060     -6307     -4623     -3019     -1501       -72      1265
    2510      3666      4735      5720      6624      7452      8206
    8892      9512     10070     10569     11013     11405     11748
   12045     12298     12512     12690     12835     12951     13042
   13112     13164     13202     13228     13245     13255     13259
   13260     13257     13252     13245     13237     13229     13221
   13212     13204     13196     13188     13180     13173     13166
   13160     13154     13149     13144     13139     13135     13131
   13127
 
   -7446    -13411    -17378    -19786    -20988    -21270    -20860
  -19939    -18652    -17112    -15409    -13612    -11774     -9936
   -8129     -6374     -4687     -3080     -1558      -126      1214
    2464      3625      4698      5689      6600      7434      8196
    8891      9520     10089     10601     11058     11465     11824
   12137     12408     12639     12835     12997     13129     13235
   13318     13382     13429     13464     13488     13503     13512
   13516     13516     13514     13509     13503     13496     13489
   13481     13473     13466     13458     13451     13444     13438
   13432     13426     13421     13416     13411     13407     13403
   13399
 
   -7538    -13502    -17467    -19872    -21073    -21353    -20940
  -20018    -18729    -17187    -15482    -13683    -11843    -10003
   -8193     -6436     -4747     -3137     -1613      -178      1165
    2419      3583      4661      5656      6572      7412      8181
    8882      9520     10098     10619     11088     11506     11878
   12206     12492     12739     12951     13129     13277     13397
   13494     13569     13627     13671     13702     13724     13738
   13746     13750     13750     13748     13743     13738     13732
   13725     13718     13711     13704     13697     13691     13685
   13679     13673     13668     13663     13659     13655     13651
   13647
 
   -7623    -13586    -17549    -19952    -21150    -21428    -21014
  -20090    -18799    -17256    -15549    -13748    -11906    -10065
   -8253     -6494     -4803     -3191     -1665      -228      1118
    2374      3542      4623      5622      6542      7387      8161
    8868      9512     10097     10627     11104     11533     11916
   12256     12555     12816     13042     13235     13397     13532
   13642     13729     13798     13851     13891     13919     13939
   13952     13959     13963     13963     13961     13957     13952
   13946     13940     13934     13928     13921     13915     13909
   13904     13898     13893     13889     13884     13880     13877
   13873
 
   -7701    -13662    -17623    -20025    -21221    -21498    -21082
  -20156    -18863    -17319    -15610    -13808    -11965    -10122
   -8309     -6548     -4856     -3242     -1714      -275      1074
    2332      3502      4586      5588      6511      7360      8138
    8850      9499     10090     10627     11112     11549     11941
   12290     12601     12874     13112     13318     13494     13642
   13764     13864     13944     14007     14055     14091     14117
   14135     14147     14154     14157     14157     14155     14151
   14147     14142     14136     14131     14125     14119     14114
   14108     14103     14098     14094     14090     14086     14082
   14078
 
   -7773    -13732    -17691    -20091    -21286    -21561    -21144
  -20216    -18923    -17377    -15667    -13864    -12019    -10175
   -8360     -6598     -4905     -3289     -1760      -319      1031
    2291      3463      4550      5554      6480      7332      8114
    8829      9483     10079     10620     11111     11555     11955
   12313     12632     12915     13164     13382     13569     13729
   13864     13976     14067     14140     14197     14241     14274
   14297     14314     14324     14330     14333     14333     14332
   14328     14324     14320     14315     14310     14304     14299
   14294     14289     14285     14280     14276     14272     14269
   14265
 
   -7838    -13796    -17754    -20152    -21346    -21619    -21201
  -20272    -18977    -17430    -15719    -13914    -12069    -10224
   -8408     -6645     -4950     -3333     -1802      -360       991
    2253      3427      4515      5522      6450      7304      8089
    8807      9464     10064     10610     11106     11555     11961
   12326     12653     12944     13202     13429     13627     13798
   13944     14067     14169     14252     14318     14370     14410
   14439     14461     14476     14486     14491     14494     14494
   14492     14489     14486     14482     14477     14472     14468
   14463     14458     14454     14450     14446     14442     14439
   14435
 
   -7897    -13854    -17811    -20208    -21400    -21672    -21252
  -20323    -19027    -17478    -15767    -13961    -12115    -10268
   -8452     -6688     -4992     -3374     -1842      -399       954
    2217      3392      4482      5490      6420      7277      8063
    8785      9445     10047     10597     11097     11550     11961
   12331     12664     12963     13228     13464     13671     13851
   14007     14140     14252     14344     14420     14480     14527
   14563     14590     14610     14624     14632     14637     14640
   14640     14638     14636     14633     14629     14625     14620
   14616     14612     14608     14604     14600     14596     14593
   14590
 
   -7951    -13907    -17862    -20258    -21449    -21720    -21300
  -20369    -19072    -17523    -15810    -14004    -12157    -10309
   -8492     -6727     -5030     -3412     -1879      -435       919
    2183      3360      4451      5460      6392      7250      8038
    8762      9424     10029     10582     11085     11542     11956
   12331     12669     12973     13245     13488     13702     13891
   14055     14197     14318     14420     14504     14572     14627
   14670     14703     14728     14746     14758     14766     14771
   14773     14773     14771     14769     14766     14763     14759
   14755     14751     14747     14744     14740     14736     14733
   14730
 
   -8001    -13955    -17910    -20304    -21494    -21765    -21343
  -20411    -19114    -17564    -15850    -14043    -12195    -10347
   -8529     -6764     -5066     -3447     -1913      -468       887
    2152      3329      4421      5432      6365      7224      8014
    8739      9403     10011     10565     11071     11531     11949
   12327     12669     12978     13255     13503     13724     13919
   14091     14241     14370     14480     14572     14649     14711
   14761     14800     14830     14853     14869     14880     14887
   14892     14893     14894     14892     14890     14888     14884
   14881     14877     14874     14870     14867     14864     14861
   14858
 
   -8046    -14000    -17953    -20347    -21536    -21805    -21383
  -20450    -19152    -17601    -15887    -14079    -12231    -10382
   -8563     -6797     -5099     -3479     -1945      -499       857
    2122      3301      4394      5405      6339      7200      7991
    8717      9383      9992     10548     11056     11518     11939
   12320     12666     12978     13259     13512     13738     13939
   14117     14274     14410     14527     14627     14711     14781
   14838     14883     14919     14946     14966     14981     14991
   14998     15002     15003     15003     15002     15000     14998
   14995     14992     14989     14986     14982     14979     14976
   14974
 
   -8087    -14040    -17992    -20385    -21573    -21842    -21418
  -20485    -19186    -17635    -15920    -14112    -12263    -10414
   -8595     -6828     -5129     -3509     -1974      -527       829
    2095      3274      4368      5380      6315      7176      7969
    8696      9363      9973     10531     11041     11505     11927
   12311     12660     12975     13260     13516     13746     13952
   14135     14297     14439     14563     14670     14761     14838
   14901     14953     14994     15026     15051     15069     15083
   15092     15098     15102     15103     15103     15102     15101
   15098     15096     15093     15090     15087     15084     15081
   15079
 
   -8125    -14076    -18028    -20420    -21607    -21875    -21451
  -20517    -19218    -17666    -15951    -14142    -12292    -10443
   -8623     -6856     -5156     -3536     -2000      -554       803
    2070      3249      4344      5357      6292      7154      7948
    8676      9344      9955     10515     11025     11491     11915
   12301     12652     12969     13257     13516     13750     13959
   14147     14314     14461     14590     14703     14800     14883
   14953     15010     15057     15095     15124     15146     15163
   15175     15184     15189     15192     15194     15194     15193
   15191     15189     15187     15185     15182     15179     15177
   15174
 
   -8159    -14110    -18060    -20452    -21638    -21906    -21481
  -20547    -19247    -17694    -15979    -14169    -12319    -10469
   -8649     -6882     -5182     -3561     -2025      -578       779
    2047      3227      4322      5335      6271      7134      7928
    8657      9326      9938     10498     11010     11477     11903
   12290     12642     12962     13252     13514     13750     13963
   14154     14324     14476     14610     14728     14830     14919
   14994     15057     15109     15152     15186     15213     15233
   15248     15259     15267     15272     15275     15276     15276
   15276     15274     15272     15270     15268     15266     15263
   15261
 
   -8190    -14140    -18090    -20481    -21667    -21933    -21508
  -20574    -19273    -17720    -16004    -14194    -12344    -10493
   -8673     -6905     -5205     -3583     -2047      -600       758
    2026      3206      4301      5315      6252      7115      7909
    8639      9308      9921     10483     10995     11463     11890
   12279     12632     12954     13245     13509     13748     13963
   14157     14330     14486     14624     14746     14853     14946
   15026     15095     15152     15200     15238     15269     15293
   15312     15326     15336     15343     15347     15350     15351
   15351     15351     15349     15348     15346     15344     15341
   15339
 
   -8218    -14168    -18117    -20507    -21693    -21959    -21533
  -20598    -19297    -17743    -16027    -14217    -12366    -10515
   -8695     -6927     -5226     -3604     -2068      -620       738
    2006      3186      4282      5296      6233      7097      7892
    8622      9292      9906     10468     10981     11450     11878
   12267     12622     12945     13237     13503     13743     13961
   14157     14333     14491     14632     14758     14869     14966
   15051     15124     15186     15238     15281     15317     15345
   15367     15384     15396     15405     15412     15416     15418
   15419     15419     15419     15418     15416     15414     15412
   15410
 
   -8244    -14193    -18142    -20531    -21716    -21982    -21556
  -20620    -19318    -17765    -16048    -14238    -12387    -10536
   -8715     -6946     -5246     -3623     -2087      -639       719
    1988      3169      4265      5279      6217      7081      7876
    8606      9277      9891     10453     10967     11437     11865
   12256     12612     12935     13229     13496     13738     13957
   14155     14333     14494     14637     14766     14880     14981
   15069     15146     15213     15269     15317     15356     15388
   15413     15433     15449     15460     15468     15474     15478
   15480     15481     15481     15481     15480     15478     15477
   15475
 
   -8268    -14216    -18164    -20553    -21737    -22003    -21576
  -20640    -19338    -17784    -16067    -14257    -12405    -10554
   -8733     -6964     -5263     -3641     -2104      -656       703
    1971      3152      4249      5263      6201      7065      7861
    8592      9263      9877     10440     10955     11425     11854
   12245     12601     12926     13221     13489     13732     13952
   14151     14332     14494     14640     14771     14887     14991
   15083     15163     15233     15293     15345     15388     15424
   15453     15476     15494     15508     15518     15526     15531
   15534     15536     15537     15537     15537     15536     15535
   15533
 
   -8289    -14237    -18184    -20573    -21757    -22022    -21595
  -20658    -19356    -17802    -16085    -14274    -12422    -10571
   -8749     -6980     -5279     -3657     -2120      -671       687
    1956      3137      4234      5249      6187      7051      7847
    8578      9249      9864     10428     10943     11413     11843
   12234     12591     12916     13212     13481     13725     13946
   14147     14328     14492     14640     14773     14892     14998
   15092     15175     15248     15312     15367     15413     15453
   15485     15511     15532     15549     15562     15571     15578
   15583     15586     15587     15588     15588     15588     15587
   15586
 
   -8308    -14256    -18203    -20591    -21775    -22039    -21612
  -20675    -19373    -17818    -16101    -14290    -12438    -10586
   -8765     -6995     -5294     -3671     -2134      -685       673
    1942      3124      4220      5236      6174      7038      7834
    8566      9237      9853     10416     10931     11402     11832
   12224     12582     12907     13204     13473     13718     13940
   14142     14324     14489     14638     14773     14893     15002
   15098     15184     15259     15326     15384     15433     15476
   15511     15541     15565     15584     15599     15610     15619
   15625     15629     15632     15634     15635     15635     15634
   15633
 
   -8326    -14273    -18220    -20607    -21791    -22055    -21627
  -20690    -19388    -17833    -16115    -14304    -12452    -10600
   -8778     -7009     -5307     -3685     -2147      -698       660
    1929      3111      4208      5223      6161      7026      7823
    8554      9226      9841     10405     10921     11392     11822
   12215     12573     12899     13196     13466     13711     13934
   14136     14320     14486     14636     14771     14894     15003
   15102     15189     15267     15336     15396     15449     15494
   15532     15565     15591     15613     15631     15644     15655
   15662     15668     15672     15674     15676     15677     15677
   15676
 
   -8342    -14288    -18235    -20622    -21805    -22069    -21641
  -20704    -19401    -17846    -16128    -14317    -12465    -10613
   -8791     -7021     -5320     -3697     -2159      -710       649
    1918      3100      4197      5212      6150      7016      7812
    8544      9215      9831     10395     10911     11382     11813
   12206     12564     12890     13188     13458     13704     13928
   14131     14315     14482     14633     14769     14892     15003
   15103     15192     15272     15343     15405     15460     15508
   15549     15584     15613     15638     15657     15673     15685
   15695     15702     15707     15711     15713     15714     15715
   15715
 
   -8357    -14303    -18249    -20636    -21818    -22082    -21654
  -20717    -19414    -17858    -16140    -14329    -12476    -10624
   -8802     -7033     -5331     -3708     -2170      -721       638
    1907      3089      4186      5202      6140      7006      7802
    8534      9206      9822     10386     10902     11373     11804
   12197     12556     12883     13180     13451     13697     13921
   14125     14310     14477     14629     14766     14890     15002
   15103     15194     15275     15347     15412     15468     15518
   15562     15599     15631     15657     15679     15697     15712
   15723     15731     15738     15742     15746     15748     15749
   15750
 
   -8370    -14315    -18261    -20648    -21830    -22094    -21666
  -20728    -19425    -17870    -16151    -14339    -12487    -10635
   -8813     -7043     -5341     -3718     -2180      -731       628
    1898      3080      4177      5192      6131      6996      7793
    8525      9197      9813     10377     10893     11365     11796
   12189     12548     12875     13173     13444     13691     13915
   14119     14304     14472     14625     14763     14888     15000
   15102     15194     15276     15350     15416     15474     15526
   15571     15610     15644     15673     15697     15717     15734
   15747     15757     15765     15770     15775     15778     15779
   15780
 
   -8382    -14327    -18273    -20659    -21841    -22105    -21676
  -20738    -19435    -17880    -16161    -14349    -12497    -10644
   -8822     -7052     -5350     -3727     -2189      -740       619
    1889      3071      4168      5184      6122      6988      7785
    8517      9189      9805     10369     10886     11358     11789
   12182     12541     12868     13166     13438     13685     13909
   14114     14299     14468     14620     14759     14884     14998
   15101     15193     15276     15351     15418     15478     15531
   15578     15619     15655     15685     15712     15734     15752
   15767     15778     15788     15795     15800     15804     15806
   15808
 
   -8393    -14338    -18283    -20669    -21851    -22114    -21686
  -20748    -19444    -17889    -16170    -14358    -12505    -10653
   -8831     -7061     -5359     -3735     -2197      -748       611
    1881      3063      4160      5176      6115      6980      7777
    8509      9181      9798     10362     10878     11351     11782
   12175     12534     12862     13160     13432     13679     13904
   14108     14294     14463     14616     14755     14881     14995
   15098     15191     15276     15351     15419     15480     15534
   15583     15625     15662     15695     15723     15747     15767
   15783     15796     15807     15816     15822     15827     15830
   15833
 
   -8403    -14347    -18292    -20679    -21860    -22123    -21695
  -20756    -19453    -17897    -16178    -14366    -12513    -10661
   -8838     -7068     -5366     -3743     -2205      -756       604
    1873      3056      4153      5169      6108      6973      7770
    8502      9175      9791     10355     10872     11344     11775
   12169     12528     12856     13154     13426     13673     13898
   14103     14289     14458     14612     14751     14877     14992
   15096     15189     15274     15351     15419     15481     15536
   15586     15629     15668     15702     15731     15757     15778
   15796     15811     15824     15833     15841     15847     15851
   15854
 
   -8412    -14356    -18301    -20687    -21869    -22131    -21702
  -20764    -19460    -17905    -16186    -14373    -12521    -10668
   -8845     -7075     -5373     -3750     -2212      -762       597
    1867      3049      4146      5162      6101      6967      7764
    8496      9168      9785     10349     10866     11338     11769
   12163     12523     12850     13149     13421     13668     13893
   14098     14285     14454     14608     14747     14874     14989
   15093     15187     15272     15349     15419     15481     15537
   15587     15632     15672     15707     15738     15765     15788
   15807     15824     15837     15848     15857     15864     15869
   15873
 
   -8420    -14364    -18309    -20695    -21876    -22139    -21710
  -20771    -19467    -17911    -16193    -14380    -12527    -10674
   -8852     -7082     -5380     -3756     -2218      -768       591
    1861      3043      4140      5156      6095      6961      7758
    8490      9163      9779     10344     10860     11333     11764
   12158     12517     12845     13144     13416     13663     13889
   14094     14280     14450     14604     14744     14870     14986
   15090     15185     15270     15348     15418     15481     15537
   15588     15634     15674     15711     15742     15770     15795
   15816     15833     15848     15861     15871     15879     15885
   15890
 
   -8427    -14371    -18316    -20701    -21883    -22145    -21716
  -20778    -19474    -17918    -16199    -14386    -12533    -10680
   -8858     -7088     -5385     -3762     -2224      -774       585
    1855      3037      4135      5151      6090      6956      7753
    8485      9157      9774     10339     10855     11328     11759
   12153     12513     12840     13139     13411     13659     13884
   14090     14276     14446     14600     14740     14867     14982
   15087     15182     15268     15346     15416     15480     15537
   15588     15635     15676     15713     15746     15775     15800
   15822     15841     15857     15871     15882     15891     15898
   15904
 
   -8434    -14378    -18322    -20708    -21889    -22151    -21722
  -20783    -19479    -17923    -16204    -14392    -12539    -10686
   -8863     -7093     -5391     -3767     -2229      -779       580
    1850      3032      4130      5146      6085      6951      7748
    8480      9153      9769     10334     10851     11323     11755
   12149     12508     12836     13135     13407     13655     13880
   14086     14272     14442     14596     14736     14864     14979
   15084     15179     15266     15344     15414     15478     15536
   15588     15635     15677     15714     15748     15778     15804
   15827     15847     15864     15879     15891     15901     15909
   15916
 
   -8440    -14384    -18328    -20713    -21895    -22157    -21727
  -20789    -19485    -17928    -16209    -14397    -12544    -10691
   -8868     -7098     -5395     -3772     -2233      -784       576
    1846      3028      4125      5142      6081      6946      7743
    8476      9148      9765     10330     10846     11319     11750
   12144     12504     12832     13131     13403     13651     13877
   14082     14269     14439     14593     14733     14861     14976
   15081     15177     15263     15341     15412     15477     15535
   15587     15634     15677     15715     15749     15779     15806
   15830     15851     15869     15885     15898     15909     15919
   15926
 
   -8446    -14389    -18333    -20719    -21900    -22162    -21732
  -20794    -19489    -17933    -16214    -14401    -12548    -10695
   -8872     -7102     -5400     -3776     -2238      -788       571
    1841      3024      4121      5138      6077      6942      7739
    8472      9144      9761     10326     10843     11315     11747
   12141     12500     12828     13127     13399     13647     13873
   14078     14265     14435     14590     14730     14858     14974
   15079     15174     15261     15339     15410     15475     15533
   15586     15633     15676     15715     15750     15780     15808
   15833     15854     15873     15890     15904     15916     15926
   15935
 
 
 
