Brain data
Grid 72 X 82
Frame1: CT data; Frame2: SP data
0 0 0 0 0 0 0 0 0 0 0 0 0 0 0 0 0 0 0 0 0 0 0 0 0 0 0 0 0 0 0 0 0 0 0 0 0 0 0 0 0 0 0 0 0 0 0 0 0 0 0 0 0 0 0 0 0 0 0 0 0 0 0 0 0 0 0 0 0 0 0 0 
0 0 0 0 0 0 0 0 0 0 0 0 0 0 0 0 0 0 0 0 0 0 0 0 0 0 0 0 0 0 0 0 0 0 0 0 0 0 0 0 0 0 0 0 0 0 0 0 0 0 0 0 0 0 0 0 0 0 0 0 0 0 0 0 0 0 0 0 0 0 0 0 
0 0 0 0 0 0 0 0 0 0 0 0 0 0 0 0 0 0 0 0 0 0 0 0 0 0 0 4 9 11 12 12 13 17 19 18 23 26 32 24 23 19 16 17 16 10 12 9 9 11 10 9 9 11 10 6 10 8 6 1 0 0 0 0 0 0 0 0 0 0 0 0 
0 0 0 0 0 0 0 0 0 0 0 0 0 0 0 0 0 0 0 3 9 10 11 11 13 5 12 12 14 20 23 23 20 24 29 33 41 41 40 35 32 34 32 26 24 26 27 16 13 14 12 12 12 10 11 10 12 14 6 5 2 0 0 0 0 0 0 0 0 0 0 0 
0 0 0 0 0 0 0 0 0 0 0 0 0 0 0 0 0 5 5 12 7 10 8 8 14 44 54 58 32 26 22 44 81 140 162 170 173 173 173 171 169 170 165 149 108 57 32 34 32 16 13 10 14 11 9 12 10 10 11 8 3 0 0 0 0 0 0 0 0 0 0 0 
0 0 0 0 0 0 0 0 0 0 0 0 0 0 0 0 5 5 7 9 7 11 11 23 72 72 32 26 33 70 129 169 179 182 182 185 185 184 187 187 188 188 187 187 184 179 160 108 44 36 26 14 15 11 13 13 13 14 9 7 1 0 0 0 0 0 0 0 0 0 0 0 
0 0 0 0 0 0 0 0 0 0 0 0 0 0 0 8 4 6 6 11 6 10 23 69 46 21 28 88 153 175 179 182 184 184 183 185 187 186 188 187 189 188 188 187 188 187 187 185 176 111 35 21 17 14 14 10 10 12 7 7 12 0 0 0 0 0 0 0 0 0 0 0 
0 0 0 0 0 0 0 0 0 0 0 0 0 3 5 7 4 11 6 8 9 25 68 36 19 61 150 176 182 182 182 183 181 171 157 168 184 185 187 188 188 187 187 182 186 187 188 188 188 185 158 63 31 26 15 12 7 7 6 8 7 0 0 0 0 0 0 0 0 0 0 0 
0 0 0 0 0 0 0 0 0 0 0 0 4 6 5 7 7 10 12 10 21 61 26 30 99 168 181 181 182 180 178 172 124 70 50 60 170 179 176 181 185 173 119 86 116 157 176 184 189 189 186 179 101 34 44 24 11 19 12 12 9 5 0 0 0 0 0 0 0 0 0 0 
0 0 0 0 0 0 0 0 0 0 0 0 4 3 8 7 9 8 7 38 60 26 33 133 175 181 181 181 171 130 97 71 61 52 47 43 108 92 83 95 119 81 59 51 49 57 76 105 158 184 186 185 185 150 47 59 28 15 9 5 12 4 0 0 0 0 0 0 0 0 0 0 
0 0 0 0 0 0 0 0 0 0 0 0 9 4 3 13 11 8 34 66 28 62 157 178 181 181 178 149 88 68 64 55 55 58 52 57 76 67 71 68 67 67 70 64 69 61 64 62 66 132 183 186 188 188 171 66 55 22 14 10 8 11 0 0 0 0 0 0 0 0 0 0 
0 0 0 0 0 0 0 0 0 0 0 7 6 9 9 9 14 24 52 25 78 163 179 182 182 168 116 69 65 60 61 56 62 61 62 76 74 72 73 79 70 87 72 72 61 66 71 72 63 68 111 173 187 188 188 178 70 42 25 12 12 11 7 6 0 0 0 0 0 0 0 0 
0 0 0 0 0 0 0 0 0 0 6 7 6 5 8 9 20 43 28 115 169 177 181 182 161 87 65 64 69 58 62 62 53 56 71 60 79 77 71 74 84 80 67 66 63 69 59 67 60 66 58 89 146 184 187 188 178 71 40 52 26 13 11 14 11 0 0 0 0 0 0 0 
0 0 0 0 0 0 0 0 0 0 2 4 3 11 7 15 43 25 119 172 178 177 180 166 90 71 66 59 62 64 58 62 50 55 70 65 72 69 62 55 82 68 62 69 69 63 63 61 61 68 65 68 72 130 181 185 184 179 83 40 102 37 11 11 9 2 0 0 0 0 0 0 
0 0 0 0 0 0 0 0 0 4 6 7 9 9 6 29 40 125 172 176 179 176 157 85 63 68 59 58 63 64 63 56 61 64 54 57 62 61 60 60 75 60 68 62 61 66 58 65 63 60 65 65 59 69 112 178 187 179 181 67 54 103 16 12 5 4 0 0 0 0 0 0 
0 0 0 0 0 0 0 0 0 3 4 8 8 12 25 34 139 172 178 178 176 131 79 64 65 66 49 63 63 48 59 59 64 63 55 52 61 62 61 66 72 56 62 56 65 58 57 67 65 61 70 69 68 59 64 109 183 188 189 176 57 66 39 12 9 12 0 0 0 0 0 0 
0 0 0 0 0 0 0 0 0 6 6 6 9 15 21 111 173 176 177 178 127 70 61 68 68 67 51 55 61 53 56 69 55 57 49 57 57 56 63 62 60 62 59 61 61 64 54 58 63 62 67 63 67 62 59 57 139 187 188 190 167 39 68 16 12 8 0 0 0 0 0 0 
0 0 0 0 0 0 0 0 0 3 7 9 9 12 67 167 177 177 178 151 65 58 63 70 66 60 57 59 63 50 53 50 45 50 55 55 51 57 51 50 47 59 54 62 63 62 49 57 59 59 68 65 72 68 54 45 55 169 188 191 192 123 53 29 13 8 11 0 0 0 0 0 
0 0 0 0 0 0 0 0 0 7 8 8 13 21 144 176 179 179 168 81 60 62 57 52 59 64 60 58 57 47 53 47 52 51 56 57 57 58 43 49 37 46 50 58 55 62 55 43 57 58 69 61 70 58 67 62 52 97 187 189 190 184 52 61 17 13 9 0 0 0 0 0 
0 0 0 0 0 0 0 0 1 5 10 10 30 77 170 178 179 179 101 67 66 49 41 60 60 62 56 53 51 47 54 60 62 57 57 61 49 46 52 60 43 49 62 64 49 56 65 48 45 52 54 53 66 69 62 67 60 61 172 190 190 191 120 54 35 11 9 0 0 0 0 0 
0 0 0 0 0 0 0 2 6 8 7 25 29 141 177 178 181 135 67 62 66 64 48 60 59 59 54 52 52 55 59 59 61 54 61 57 46 50 46 51 56 51 52 57 56 54 56 63 58 58 54 51 64 71 72 54 53 59 106 184 189 189 175 36 45 11 10 11 0 0 0 0 
0 0 0 0 0 0 4 3 5 6 6 31 62 168 178 178 166 70 65 61 60 62 51 55 56 55 50 50 55 62 59 60 51 56 55 57 46 52 52 54 54 61 56 51 55 60 60 53 58 58 51 62 66 68 54 60 64 60 63 150 189 188 190 63 55 17 10 7 7 0 0 0 
0 0 0 0 0 4 6 5 6 9 12 16 126 175 178 179 104 57 54 63 59 63 52 59 61 55 57 51 53 60 58 56 56 56 53 58 50 54 35 38 43 54 51 50 58 55 62 61 55 47 46 55 59 56 50 65 68 64 57 86 182 188 192 123 51 18 11 7 7 0 0 0 
0 0 0 0 2 3 9 8 7 10 15 47 163 177 179 157 67 45 46 65 69 56 51 55 58 57 57 62 57 62 60 57 55 50 48 56 52 43 40 45 48 50 51 51 56 60 60 57 68 61 38 48 46 50 55 69 69 61 52 58 140 188 190 172 53 26 12 9 8 0 0 0 
0 0 0 6 6 1 2 4 5 9 23 134 174 177 181 116 48 30 32 40 49 54 58 60 53 55 45 63 63 56 58 55 56 52 55 49 50 55 47 44 51 52 54 54 55 58 57 58 61 61 40 45 48 59 60 70 68 66 66 56 76 180 188 188 71 21 14 11 10 7 0 0 
0 0 0 3 4 2 3 4 7 10 42 165 177 177 179 76 45 58 62 50 31 49 60 55 53 53 46 56 60 51 60 56 52 57 52 45 46 45 42 45 47 53 55 52 57 58 59 54 59 64 49 44 50 58 66 68 63 66 69 43 46 155 188 190 139 33 17 12 10 5 0 0 
0 0 0 1 3 2 9 7 9 11 75 172 177 178 174 50 46 55 56 61 44 42 46 45 41 50 54 64 54 49 60 45 48 54 46 38 44 50 50 49 37 45 51 52 52 63 58 57 59 59 50 44 52 58 68 66 66 69 52 46 37 130 188 188 182 46 19 10 8 11 0 0 
0 0 0 3 3 0 2 23 41 9 92 174 178 180 177 47 55 56 56 57 49 48 52 52 44 40 53 69 60 52 56 54 58 51 37 42 44 54 58 54 43 40 49 58 52 55 56 53 53 61 55 48 51 62 65 60 55 52 47 56 34 126 188 187 191 85 19 14 16 10 0 0 
0 0 0 2 2 1 4 17 68 21 111 174 178 179 179 56 51 55 56 57 51 47 58 59 52 39 50 70 58 52 54 61 56 42 43 50 41 56 46 47 39 39 41 54 57 53 54 54 57 59 60 54 44 55 56 60 59 40 64 59 40 142 187 188 192 125 17 56 105 19 9 0 
0 0 0 2 1 4 4 22 36 17 121 175 177 179 177 60 51 57 58 56 45 51 54 60 57 45 46 51 56 57 53 53 46 41 52 41 23 35 39 34 41 43 53 46 54 47 53 57 58 58 61 53 39 56 56 58 60 52 66 56 44 163 189 189 192 143 23 93 156 61 10 0 
0 0 0 2 1 2 4 65 26 23 131 174 176 178 159 51 57 53 54 60 46 55 58 57 62 54 40 50 57 56 60 50 49 49 48 35 16 15 24 21 34 42 55 43 56 48 54 56 53 54 60 51 36 63 56 57 57 54 66 52 119 185 188 188 190 150 35 49 51 81 11 0 
0 0 0 4 4 2 4 78 64 30 138 174 177 177 94 53 61 54 53 59 50 53 52 58 54 43 36 43 60 54 62 50 55 45 44 35 19 15 14 17 36 33 51 55 55 59 51 57 55 55 60 54 47 55 54 58 64 47 58 55 161 188 188 187 190 144 34 31 23 117 20 0 
0 0 0 3 6 4 2 89 88 33 141 176 178 128 44 56 56 54 57 53 57 55 53 56 40 54 44 35 49 51 57 60 52 38 40 50 34 25 29 38 41 35 43 63 60 55 56 55 61 69 63 64 62 63 60 64 48 57 59 51 91 170 187 187 191 135 21 29 43 124 15 0 
0 0 0 2 2 5 5 93 98 34 149 176 163 58 41 59 60 57 60 60 61 56 45 43 51 55 53 48 48 57 58 46 34 43 48 51 44 42 48 41 41 40 44 44 53 62 54 57 58 60 57 56 55 56 55 62 61 63 70 54 53 63 173 188 192 112 22 32 78 99 9 0 
0 0 0 1 6 4 2 113 116 49 155 179 101 49 47 61 59 63 62 58 51 62 44 58 56 54 51 51 55 57 42 37 42 41 43 52 45 47 50 40 45 44 40 44 42 56 54 58 50 47 53 53 47 50 61 53 51 60 55 55 60 43 147 188 192 93 27 29 110 64 13 0 
0 0 0 1 3 4 3 93 104 38 160 177 79 47 46 62 49 48 61 54 56 53 53 61 53 57 46 66 54 47 30 40 47 48 52 44 48 40 46 41 47 45 42 48 41 50 57 43 52 44 42 43 55 52 54 40 65 55 50 54 66 38 152 188 191 96 48 40 128 41 7 0 
0 0 0 1 1 4 1 62 65 36 151 175 72 58 47 58 52 53 49 52 56 40 51 55 52 57 56 64 55 22 25 43 46 43 51 51 42 39 44 42 45 58 37 46 34 33 49 53 54 51 49 39 53 54 47 63 64 56 52 53 69 55 100 184 189 90 58 87 96 19 8 0 
0 0 0 0 2 3 4 15 29 41 142 172 67 55 49 58 47 49 53 52 60 46 52 51 51 54 58 48 51 27 24 48 46 40 45 49 42 40 46 47 38 46 43 44 22 26 47 47 58 52 53 41 53 64 44 68 57 57 59 59 61 58 46 178 185 89 57 62 25 10 7 0 
0 0 0 1 2 2 3 4 20 38 136 173 65 56 47 49 46 48 42 47 53 54 47 44 44 49 54 42 64 45 30 41 50 36 39 52 45 38 47 45 39 39 49 44 23 39 61 51 48 49 49 48 53 55 44 57 55 62 56 59 65 63 47 179 172 73 39 15 12 7 11 0 
0 0 0 1 4 3 5 13 36 35 130 174 69 51 48 51 50 45 43 52 50 47 53 45 39 49 43 43 53 57 25 43 53 42 42 40 43 52 37 42 48 41 49 46 21 59 70 52 44 43 49 59 32 33 53 59 51 53 42 33 57 59 78 187 134 63 28 12 9 7 6 0 
0 0 0 0 3 0 4 23 57 18 123 177 94 46 40 45 58 54 46 44 51 42 51 46 47 49 43 46 52 70 43 31 48 40 50 39 43 49 42 42 41 45 48 33 28 61 61 49 46 40 44 52 33 43 58 50 50 55 65 36 32 48 160 188 85 44 16 12 11 7 3 0 
0 0 0 1 2 3 5 18 49 7 109 176 133 40 42 46 49 57 46 45 54 40 55 41 46 51 51 48 46 60 63 24 28 39 45 43 39 30 40 43 52 43 35 24 42 62 54 49 48 47 49 56 41 52 60 49 51 54 59 50 24 100 184 180 59 56 14 8 8 4 9 0 
0 0 0 3 0 6 6 29 55 7 81 174 151 51 44 53 56 58 55 41 50 49 56 28 26 38 52 50 50 48 71 51 24 25 24 31 24 33 24 34 36 27 17 26 54 57 47 44 47 55 48 54 34 53 48 51 60 50 44 52 49 155 189 151 37 19 13 11 12 6 6 0 
0 0 0 1 1 7 5 12 38 5 54 170 165 57 48 45 55 56 57 40 43 49 58 25 20 23 32 44 47 39 55 69 61 49 47 39 35 45 25 26 24 23 18 49 106 55 46 46 44 44 28 51 42 47 42 49 61 39 51 59 55 151 190 118 35 14 8 9 11 5 4 0 
0 0 0 1 2 6 4 17 62 13 31 159 173 52 43 46 53 59 55 41 41 44 43 27 21 29 31 45 52 52 50 54 59 62 70 139 158 133 138 84 72 51 42 52 61 48 47 48 41 26 22 47 50 45 46 53 59 49 63 53 50 162 187 75 67 23 8 7 5 9 0 0 
0 0 0 0 3 3 3 38 61 7 16 135 177 72 44 48 50 48 50 48 44 44 43 40 38 51 57 54 59 57 56 42 50 53 66 87 85 75 145 164 68 68 67 56 47 48 47 45 42 29 23 44 58 43 50 53 52 59 59 56 54 171 178 36 70 30 7 6 3 7 3 0 
0 0 0 0 2 0 1 24 68 15 11 92 177 105 43 44 48 51 46 51 45 41 42 45 50 54 55 50 55 64 61 25 44 49 66 83 62 61 73 92 63 68 55 56 50 48 52 47 51 37 32 35 45 52 55 51 55 58 54 56 61 180 149 19 53 23 7 8 6 4 2 0 
0 0 0 2 6 4 1 8 74 14 9 48 168 156 41 41 45 48 56 49 48 50 39 43 46 46 45 50 57 61 66 23 41 71 65 70 69 70 72 71 67 71 55 46 55 54 54 47 53 46 48 37 49 54 53 55 57 52 56 45 111 189 102 16 49 15 8 6 5 4 5 0 
0 0 0 2 3 0 0 8 67 14 8 16 132 177 95 35 36 46 49 54 50 46 44 43 43 49 45 44 53 48 64 82 90 93 162 143 91 85 115 108 80 76 55 47 59 63 46 40 46 51 45 36 52 45 46 59 50 56 55 47 167 183 50 19 44 12 5 3 6 2 4 0 
0 0 0 0 3 1 1 3 65 16 12 10 81 172 178 82 41 41 45 52 44 44 42 46 43 42 45 50 41 49 69 65 76 76 177 182 182 171 167 174 168 135 77 62 57 52 46 44 43 48 38 43 49 41 54 57 32 42 48 59 181 157 28 14 42 8 9 7 8 9 7 0 
0 0 0 1 4 2 0 1 48 14 7 10 71 160 182 119 47 41 45 48 53 49 47 48 51 51 48 48 34 62 85 79 109 158 127 85 167 69 46 67 154 187 128 81 71 42 54 57 51 48 40 50 47 47 48 54 54 35 25 132 188 93 12 25 38 7 6 8 6 6 5 0 
0 0 0 1 3 3 2 3 43 20 9 7 53 111 177 162 50 39 38 42 50 49 58 51 50 54 57 49 41 67 44 101 152 61 19 17 89 24 17 16 38 138 142 62 61 45 63 59 49 44 46 50 45 52 40 46 57 46 110 183 174 45 6 36 33 6 7 8 4 7 4 0 
0 0 0 2 3 3 4 2 25 24 8 4 34 55 153 181 106 29 29 43 48 52 51 54 46 50 51 47 62 56 46 158 59 14 12 11 21 16 13 15 12 28 138 95 65 62 33 44 44 45 66 57 52 48 51 54 56 44 163 188 109 20 9 44 20 5 8 3 4 6 3 0 
0 0 0 2 1 3 2 2 8 39 5 4 31 75 75 170 179 106 29 44 48 43 51 53 45 49 50 69 146 25 93 134 16 13 15 9 42 12 13 15 10 10 86 145 57 71 44 46 45 46 56 56 47 48 52 49 31 92 185 159 43 13 11 47 10 7 7 5 6 2 7 0 
0 0 0 2 3 2 3 3 2 50 16 6 14 82 27 98 174 179 145 43 38 48 52 45 47 48 85 161 149 60 134 89 14 17 9 9 108 26 11 14 19 37 144 159 58 73 125 54 48 47 52 56 46 42 49 37 72 179 176 71 15 10 12 42 11 10 4 5 7 4 6 0 
0 0 0 0 0 5 3 2 4 30 37 6 5 49 66 31 103 171 181 157 104 68 51 51 76 133 162 117 44 48 146 112 28 20 20 32 153 53 29 38 82 139 182 135 81 70 177 96 48 44 49 46 43 39 43 43 155 188 93 34 13 12 22 26 9 8 6 2 6 5 5 0 
0 0 0 0 0 0 3 2 1 12 54 8 3 16 62 43 40 70 149 179 182 177 170 170 165 123 52 20 16 23 148 111 71 103 112 130 177 165 160 135 51 41 139 76 29 18 75 169 85 58 44 42 43 46 90 163 181 128 72 16 7 5 23 11 9 7 5 3 4 7 2 0 
0 0 0 0 0 1 2 3 3 5 31 16 7 5 21 47 43 29 39 144 181 182 178 117 53 29 15 12 13 43 172 48 12 72 65 55 147 99 154 41 19 16 128 64 14 13 18 75 177 147 98 96 131 168 184 167 89 71 32 6 9 15 26 11 11 0 5 3 1 4 0 0 
0 0 0 0 0 0 1 3 1 2 7 43 6 8 12 24 18 32 12 109 179 166 90 50 17 11 17 13 9 53 176 43 12 74 123 22 142 50 145 21 17 12 159 81 12 15 16 13 74 177 187 189 191 163 111 76 70 41 12 8 6 33 9 3 5 7 3 4 3 3 0 0 
0 0 0 0 0 0 2 2 0 1 1 38 36 4 7 9 15 25 8 113 150 57 20 11 2 11 45 14 13 82 174 107 44 147 181 95 175 177 185 51 10 30 171 76 8 18 39 13 17 81 182 190 187 55 53 43 33 13 6 3 20 20 6 2 0 5 1 3 1 0 0 0 
0 0 0 0 0 0 3 1 2 3 6 19 98 17 9 12 9 28 49 102 35 8 13 13 7 26 58 14 17 88 154 59 51 109 182 184 189 190 192 158 55 103 145 60 11 12 47 13 14 23 89 179 177 41 41 18 9 7 3 8 16 4 6 2 7 2 4 3 1 0 0 0 
0 0 0 0 0 0 0 1 2 3 7 8 93 50 20 23 21 78 140 47 13 10 13 7 11 24 27 14 21 81 166 35 14 23 138 189 191 163 189 189 174 164 70 43 10 6 18 9 9 12 19 105 169 28 19 16 8 8 8 13 2 8 7 6 4 2 5 5 0 0 0 0 
0 0 0 0 0 0 0 3 1 1 1 7 59 89 150 154 148 172 71 22 23 36 62 58 31 39 11 8 30 67 63 14 13 8 82 186 190 168 183 125 55 158 53 22 10 9 6 12 8 9 11 38 159 143 39 11 6 9 27 13 3 4 4 6 3 5 4 0 0 0 0 0 
0 0 0 0 0 0 0 3 4 6 6 10 32 124 176 180 181 175 47 39 28 20 28 38 33 61 23 6 32 44 33 11 15 35 75 175 192 151 175 119 114 111 41 21 10 28 41 43 46 54 17 15 46 170 151 29 10 13 70 11 5 3 5 3 1 3 2 0 0 0 0 0 
0 0 0 0 0 0 0 0 0 3 9 9 11 75 171 180 183 166 65 19 14 12 24 28 33 28 44 12 24 19 15 10 12 49 134 139 184 179 192 126 76 67 39 16 36 33 18 23 32 40 41 18 12 112 187 172 126 70 68 5 1 5 3 2 6 0 1 0 0 0 0 0 
0 0 0 0 0 0 0 2 3 0 5 3 8 28 121 175 182 153 58 20 14 16 14 19 20 25 28 28 27 13 54 21 17 23 40 57 110 174 188 181 164 56 34 41 26 12 24 21 27 22 19 30 24 86 188 191 192 167 42 5 3 4 3 4 3 3 0 0 0 0 0 0 
0 0 0 0 0 0 0 0 1 0 4 2 5 12 38 70 90 112 57 19 13 13 14 14 15 24 35 45 28 5 110 123 113 87 22 28 30 167 182 148 184 37 46 58 22 17 28 22 18 19 19 20 46 90 189 192 193 110 14 6 3 0 1 4 4 0 0 0 0 0 0 0 
0 0 0 0 0 0 0 0 2 3 3 5 3 4 10 12 26 118 96 36 24 17 11 14 17 13 24 79 44 2 97 161 116 149 31 23 35 119 156 89 172 25 61 45 25 31 32 25 17 16 21 17 64 76 182 192 157 28 5 6 3 1 2 2 0 0 0 0 0 0 0 0 
0 0 0 0 0 0 0 0 3 4 3 2 2 7 6 6 31 113 143 50 55 66 32 22 17 13 31 93 62 12 71 112 53 80 105 67 51 84 34 122 140 18 81 76 31 30 26 20 13 15 21 25 113 86 99 119 31 3 2 4 4 4 0 0 0 0 0 0 0 0 0 0 
0 0 0 0 0 0 0 0 0 0 2 3 3 5 1 7 12 50 137 112 123 172 153 50 22 29 72 98 64 18 56 165 101 79 82 95 77 121 52 167 57 19 61 111 54 36 60 77 42 24 25 73 159 107 41 14 10 5 5 0 5 0 0 0 0 0 0 0 0 0 0 0 
0 0 0 0 0 0 0 0 0 0 4 0 1 2 3 2 8 9 49 134 96 113 135 96 66 95 117 125 95 40 35 80 175 176 58 148 144 175 159 109 38 76 129 147 121 74 165 184 165 59 59 148 112 21 6 5 5 2 0 2 0 0 0 0 0 0 0 0 0 0 0 0 
0 0 0 0 0 0 0 0 0 0 0 0 4 0 4 3 2 5 7 58 147 133 124 135 146 117 82 57 26 21 14 39 169 192 131 178 191 190 188 69 23 36 53 81 89 86 85 121 134 103 144 105 21 5 4 5 0 1 2 0 0 0 0 0 0 0 0 0 0 0 0 0 
0 0 0 0 0 0 0 0 0 0 0 0 2 0 1 0 3 4 2 10 46 78 85 64 37 18 10 10 9 9 11 16 108 187 168 191 191 190 113 18 7 5 8 8 24 84 119 99 124 133 55 8 4 3 2 2 2 2 0 0 0 0 0 0 0 0 0 0 0 0 0 0 
0 0 0 0 0 0 0 0 0 0 0 0 0 0 0 1 0 2 5 6 10 8 5 5 6 3 6 7 9 6 10 11 58 137 190 192 193 160 25 8 4 5 6 6 6 15 40 49 43 19 4 4 2 1 3 0 2 0 0 0 0 0 0 0 0 0 0 0 0 0 0 0 
0 0 0 0 0 0 0 0 0 0 0 0 0 0 0 1 1 3 3 4 2 1 4 5 5 4 5 6 3 6 4 8 27 89 188 192 195 134 16 8 7 2 6 9 4 4 2 5 4 6 6 1 1 1 2 0 0 0 0 0 0 0 0 0 0 0 0 0 0 0 0 0 
0 0 0 0 0 0 0 0 0 0 0 0 0 0 0 0 0 0 0 0 0 1 3 2 5 2 2 4 7 5 9 9 11 75 186 192 193 96 10 7 2 4 3 2 3 0 3 3 4 1 0 0 0 1 0 0 0 0 0 0 0 0 0 0 0 0 0 0 0 0 0 0 
0 0 0 0 0 0 0 0 0 0 0 0 0 0 0 0 0 0 0 0 0 0 0 0 1 0 2 4 2 5 8 5 7 75 184 186 185 38 4 7 2 8 3 2 2 1 1 4 3 2 2 5 0 0 0 0 0 0 0 0 0 0 0 0 0 0 0 0 0 0 0 0 
0 0 0 0 0 0 0 0 0 0 0 0 0 0 0 0 0 0 0 0 0 0 0 0 0 0 0 0 2 2 3 5 4 41 161 185 132 14 7 4 0 2 2 2 2 2 1 2 1 1 0 0 0 0 0 0 0 0 0 0 0 0 0 0 0 0 0 0 0 0 0 0 
0 0 0 0 0 0 0 0 0 0 0 0 0 0 0 0 0 0 0 0 0 0 0 0 0 0 0 0 0 2 1 4 8 15 38 62 19 6 1 2 2 3 0 3 3 0 1 2 1 0 0 0 0 0 0 0 0 0 0 0 0 0 0 0 0 0 0 0 0 0 0 0 
0 0 0 0 0 0 0 0 0 0 0 0 0 0 0 0 0 0 0 0 0 0 0 0 0 0 0 0 0 2 2 2 3 5 4 7 2 0 3 4 2 1 0 0 1 0 0 0 0 0 0 0 0 0 0 0 0 0 0 0 0 0 0 0 0 0 0 0 0 0 0 0 
0 0 0 0 0 0 0 0 0 0 0 0 0 0 0 0 0 0 0 0 0 0 0 0 0 0 0 0 0 0 2 1 1 4 3 1 2 1 3 6 1 2 1 0 2 2 0 0 0 0 0 0 0 0 0 0 0 0 0 0 0 0 0 0 0 0 0 0 0 0 0 0 
0 0 0 0 0 0 0 0 0 0 0 0 0 0 0 0 0 0 0 0 0 0 0 0 0 0 0 0 0 0 1 1 0 3 1 3 0 2 0 2 1 5 0 1 0 0 0 0 0 0 0 0 0 0 0 0 0 0 0 0 0 0 0 0 0 0 0 0 0 0 0 0 
0 9 15 23 38 38 48 49 52 37 37 19 28 39 30 30 27 35 36 36 20 1 0 0 0 0 0 9 0 0 0 0 0 0 0 0 0 0 0 0 0 0 0 0 0 0 2 3 18 18 16 0 10 16 16 19 34 42 36 36 51 35 25 14 14 3 0 0 12 12 8 14 
0 5 13 23 23 38 42 63 60 60 66 56 44 37 37 32 38 32 33 33 6 1 0 0 0 0 0 5 18 18 20 21 26 23 23 31 38 22 16 16 10 6 0 0 0 0 0 0 0 0 17 9 13 1 1 20 56 41 44 44 45 21 17 15 15 0 0 0 18 18 9 25 
10 5 13 23 23 38 42 63 60 60 66 56 44 37 37 32 38 32 33 33 6 1 0 0 0 0 0 15 47 47 60 58 70 76 76 74 99 75 62 62 51 41 29 0 0 0 20 12 13 13 24 10 9 15 15 41 44 46 57 57 39 22 15 0 0 0 0 16 21 21 21 42 
1 0 0 21 21 35 27 41 67 67 68 65 65 49 49 34 40 61 36 36 20 2 0 0 0 0 0 15 47 47 60 58 70 76 76 74 99 75 62 62 51 41 63 47 47 33 59 38 34 34 32 12 10 17 17 52 58 50 67 67 45 28 0 0 0 0 0 15 18 18 30 36 
0 0 1 4 4 31 34 32 48 48 58 68 64 61 61 57 51 56 59 59 18 2 4 0 0 0 12 44 54 54 76 94 110 113 113 108 128 117 108 108 85 78 63 47 47 33 59 38 34 34 32 12 10 17 17 52 58 50 67 67 45 28 0 0 0 0 3 32 37 37 40 54 
4 0 1 0 0 0 27 31 40 40 65 56 73 71 71 63 59 71 50 50 48 26 20 11 11 0 30 58 86 86 106 106 129 140 140 157 167 164 140 140 125 116 108 95 95 76 80 72 57 57 23 4 14 34 34 43 49 59 70 70 34 7 0 0 0 0 3 32 37 37 40 54 
4 5 0 7 7 0 4 24 43 43 52 52 75 74 74 78 62 83 71 71 64 47 38 34 34 46 65 81 112 112 134 122 159 161 161 182 194 186 163 163 144 137 132 141 141 134 124 107 73 73 31 18 27 42 42 36 63 68 53 53 39 0 0 0 0 0 21 45 44 44 46 40 
9 5 0 7 7 0 4 24 43 43 52 52 75 74 74 78 62 83 71 71 64 47 59 62 62 84 104 121 160 160 176 175 183 180 180 198 213 198 177 177 177 170 169 185 185 180 169 135 100 100 48 38 41 47 47 52 83 77 54 54 30 1 0 11 11 17 21 52 41 41 32 14 
24 16 13 16 16 10 17 22 35 35 38 53 66 68 68 69 79 79 73 73 78 59 59 62 62 84 104 121 160 160 176 175 183 180 180 198 213 198 177 177 177 170 217 222 222 207 192 148 108 108 74 75 65 61 61 87 84 80 46 46 8 5 9 8 8 25 30 52 44 44 21 8 
16 23 20 21 21 21 14 22 29 29 39 47 49 47 47 53 84 74 83 83 95 73 79 99 99 127 153 176 201 201 204 212 210 213 213 219 217 216 205 205 208 213 217 222 222 207 192 148 108 108 74 75 65 61 61 87 84 80 46 46 8 5 9 22 22 16 20 36 8 8 0 0 
13 24 22 22 22 22 22 14 21 21 41 44 50 44 44 45 66 81 104 104 108 110 112 135 135 147 193 204 220 220 240 220 226 233 233 220 220 224 220 220 215 224 229 245 245 227 193 164 126 126 88 71 81 86 86 82 88 58 26 26 10 17 0 22 22 16 20 36 8 8 0 0 
13 23 25 16 16 27 27 18 33 33 34 43 46 41 41 48 55 90 118 118 130 146 149 172 172 171 194 227 239 239 253 229 228 210 210 190 219 221 223 223 224 230 224 226 226 213 197 148 144 144 114 100 110 119 119 110 92 57 28 28 17 11 0 7 7 20 10 21 0 0 0 0 
10 23 25 16 16 27 27 18 33 33 34 43 46 41 41 48 55 90 118 118 130 146 182 197 197 201 204 233 235 235 227 207 202 190 190 179 192 207 216 216 225 218 225 206 206 192 172 148 145 145 112 134 159 152 152 156 125 88 42 42 14 0 0 14 14 2 5 21 0 0 0 0 
0 0 2 5 5 21 30 32 38 38 35 40 49 48 48 57 73 96 136 136 154 169 182 197 197 201 204 233 235 235 227 207 202 190 190 179 192 207 216 216 225 218 225 193 193 166 162 158 153 153 145 178 188 186 186 178 136 83 39 39 0 0 4 18 18 11 5 3 0 0 0 0 
0 0 0 0 0 0 13 14 37 37 43 41 62 61 61 74 100 118 164 164 188 201 230 226 226 225 222 234 218 218 211 194 170 168 168 173 180 178 192 192 190 185 192 193 193 166 162 158 153 153 145 178 188 186 186 178 136 83 39 39 0 0 4 27 27 18 5 13 0 0 0 0 
0 0 0 0 0 0 0 0 6 6 41 48 55 86 86 116 145 147 174 174 230 225 227 251 251 246 233 225 210 210 192 208 194 174 174 178 157 180 161 161 142 147 149 179 179 165 164 167 205 205 194 194 214 206 206 197 135 91 67 67 22 2 30 27 27 18 5 13 0 0 0 0 
0 0 0 0 0 0 0 0 0 0 26 46 71 104 104 129 163 177 188 188 228 231 242 242 242 264 275 236 243 243 212 220 219 207 207 193 173 184 159 159 125 122 135 147 147 173 175 202 241 241 247 232 223 217 217 211 159 104 73 73 22 23 42 33 33 22 12 4 9 9 11 18 
0 0 0 0 0 0 0 0 0 0 26 46 71 104 104 129 163 177 188 188 228 231 250 246 246 262 279 279 271 271 254 261 243 235 235 239 214 195 163 163 109 114 117 148 148 183 212 267 289 289 280 283 243 241 241 224 162 144 99 99 70 58 52 35 35 34 14 28 25 25 47 35 
0 0 0 0 0 0 0 0 4 4 13 47 89 112 112 138 170 195 214 214 249 254 250 246 246 262 279 279 271 271 254 261 243 235 235 239 214 195 163 163 109 114 117 185 185 203 262 333 336 336 322 316 293 279 279 227 194 177 153 153 117 86 70 41 41 19 14 27 26 26 30 24 
1 0 0 0 0 0 0 0 0 0 4 32 72 99 99 149 184 206 229 229 231 243 277 290 290 289 305 310 314 314 308 319 323 302 302 286 252 217 161 161 129 131 162 185 185 203 262 333 336 336 322 316 293 279 279 227 194 177 153 153 117 86 70 39 39 7 15 17 21 21 23 27 
3 1 0 0 0 0 0 0 0 0 0 14 49 90 90 123 167 214 218 218 223 249 273 302 302 305 330 339 361 361 382 394 400 384 384 382 300 248 192 192 166 136 212 217 217 247 318 348 352 352 349 333 295 272 272 246 214 209 159 159 139 102 70 39 39 7 15 17 21 21 23 27 
3 15 14 7 7 0 0 0 0 0 12 18 47 89 89 122 160 178 205 205 239 257 272 272 308 334 347 377 377 392 418 432 432 432 447 389 342 280 280 235 199 172 235 235 277 328 380 399 399 372 361 344 303 303 283 256 229 208 208 183 165 101 77 77 41 14 1 13 13 16 16 18 
16 15 14 14 7 0 0 0 0 0 12 18 47 47 89 122 160 178 178 205 239 257 276 276 313 347 359 398 398 428 437 439 460 460 445 422 364 308 308 272 267 259 292 292 323 401 423 435 435 422 367 337 298 298 267 248 234 232 232 186 164 114 76 76 49 8 12 0 0 0 6 1 
18 30 25 25 27 5 0 0 0 4 20 31 69 69 89 117 141 170 170 199 230 261 276 276 313 347 359 398 398 428 437 439 460 460 445 422 364 308 308 272 267 259 292 365 420 414 446 430 430 405 356 296 257 257 225 212 201 193 193 194 151 122 82 82 48 21 10 12 12 22 11 7 
29 25 18 18 30 18 4 3 3 5 20 48 76 76 89 109 133 157 157 201 217 246 286 286 336 350 370 396 396 437 466 459 463 463 448 418 371 348 348 310 298 322 365 365 420 414 446 430 430 405 356 296 257 257 225 212 201 193 193 194 151 122 82 82 54 33 6 27 27 20 16 12 
6 11 15 15 22 26 27 31 31 44 58 87 98 98 122 124 136 169 169 177 204 256 297 297 325 353 393 413 413 434 433 444 429 429 411 387 362 346 346 340 337 357 416 416 445 453 450 433 433 385 333 259 227 227 176 180 164 164 164 154 140 116 104 104 54 33 6 27 27 20 16 12 
6 12 18 18 27 34 51 60 60 63 88 107 133 133 132 131 130 138 138 171 206 248 282 282 303 330 364 392 392 401 421 417 394 394 376 359 348 380 380 357 358 408 423 423 424 459 465 432 432 370 306 251 186 186 166 154 152 155 155 140 131 98 90 90 64 52 32 38 38 24 14 20 
4 12 18 18 27 34 51 60 60 63 88 107 133 133 132 131 130 138 138 171 206 248 258 258 291 311 332 342 342 376 381 366 350 350 342 329 340 378 378 386 384 418 421 421 418 441 436 390 390 346 309 224 205 205 167 136 139 131 131 120 106 89 75 75 67 67 53 35 35 31 29 11 
7 0 24 24 30 26 45 76 76 88 106 124 146 146 132 124 131 116 116 135 182 227 258 258 291 311 332 342 342 376 381 366 350 350 342 329 340 378 378 386 384 418 421 411 388 385 391 353 353 303 273 224 175 175 161 149 152 132 132 97 92 70 82 82 75 72 47 46 46 35 29 24 
0 0 6 6 14 26 46 87 87 106 125 142 149 149 138 125 118 111 111 113 155 193 231 231 255 298 312 311 311 353 348 348 315 315 315 304 331 366 366 360 395 426 411 411 388 385 391 353 353 303 273 224 175 175 161 149 152 132 132 97 92 70 82 82 91 79 55 48 48 29 23 24 
6 11 11 11 0 9 39 70 70 101 133 142 155 155 131 121 126 99 99 114 130 161 198 198 213 241 274 287 287 313 330 306 294 294 292 295 315 334 334 341 360 375 359 359 327 314 290 289 289 282 285 242 200 200 207 175 156 162 162 130 107 65 70 70 91 79 55 48 48 29 23 24 
6 14 13 13 11 12 27 53 53 84 119 143 155 155 131 123 110 112 112 120 132 144 174 174 177 216 230 274 274 281 293 268 262 262 264 275 277 304 304 326 328 322 308 308 281 241 221 233 233 232 247 259 234 234 239 230 199 198 198 162 136 98 88 88 83 77 48 35 35 44 32 28 
11 14 13 13 11 12 27 53 53 84 119 143 155 155 131 123 110 112 112 120 132 144 160 160 161 200 228 259 259 271 268 247 230 230 229 231 231 233 233 261 268 274 276 276 244 228 209 190 190 213 243 234 245 245 261 271 263 251 251 225 187 145 115 115 104 81 53 40 40 32 27 10 
17 16 13 13 5 6 24 42 42 78 112 151 164 164 160 150 145 140 140 149 155 149 160 160 161 200 228 259 259 271 268 247 230 230 229 231 231 233 233 261 268 274 276 234 222 214 201 194 194 226 232 237 258 258 289 310 305 319 319 316 279 237 180 180 147 123 90 64 64 46 15 27 
33 20 17 17 17 24 22 58 58 102 133 158 180 180 197 195 193 199 199 190 163 171 170 170 169 179 202 232 232 266 244 246 213 213 200 194 185 191 191 187 206 230 234 234 222 214 201 194 194 226 232 237 258 258 289 310 305 319 319 316 279 237 180 180 220 152 96 82 82 49 40 17 
30 40 33 33 21 23 45 55 55 116 154 187 201 201 208 221 228 223 223 221 217 193 183 183 171 175 190 226 226 246 251 231 238 238 190 163 159 138 138 145 173 194 214 214 216 221 217 228 228 236 246 239 252 252 281 321 371 391 391 401 394 345 260 260 220 152 96 82 82 49 40 17 
30 35 40 40 31 45 66 101 101 146 177 207 230 230 218 243 264 252 252 265 251 230 216 216 183 171 185 217 217 228 231 270 245 245 217 161 145 139 139 137 173 208 217 217 233 263 265 254 254 278 234 235 262 262 268 327 404 444 444 475 489 436 357 357 270 185 133 75 75 51 24 5 
36 35 40 40 31 45 66 101 101 146 177 207 230 230 218 243 264 252 252 265 251 230 224 224 192 183 200 240 240 240 256 281 271 271 227 200 174 175 175 172 210 234 267 267 256 284 287 286 286 294 276 236 232 232 259 327 404 459 459 528 539 495 406 406 328 227 140 88 88 52 30 21 
14 19 21 21 39 45 72 115 115 163 185 209 228 228 236 248 250 260 260 269 260 248 224 224 192 183 200 240 240 240 256 281 271 271 227 200 174 175 175 172 210 234 267 302 312 317 311 303 303 291 251 229 219 219 218 275 372 442 442 526 557 509 422 422 335 226 140 84 84 49 31 20 
3 7 13 13 37 53 103 139 139 180 201 210 230 230 227 228 244 242 242 276 261 241 224 224 199 193 211 225 225 265 289 302 296 296 265 242 232 215 215 241 263 282 302 302 312 317 311 303 303 291 251 229 219 219 218 275 372 442 442 526 557 509 422 422 324 202 109 75 75 43 25 17 
1 8 29 29 38 48 77 125 125 175 191 206 225 225 197 210 208 227 227 255 262 240 251 251 235 215 228 236 236 291 306 319 345 345 321 296 287 296 296 280 318 349 342 342 342 348 335 337 337 302 258 218 186 186 190 236 316 408 408 489 512 500 443 443 324 202 109 75 75 43 25 17 
1 12 15 15 29 21 43 80 80 125 160 183 199 199 177 168 179 185 185 207 259 284 268 268 265 256 248 281 281 302 350 358 364 364 368 357 349 337 337 350 386 391 385 385 357 346 358 337 337 312 263 215 143 143 154 199 263 335 335 398 435 434 387 387 272 164 109 70 70 45 22 11 
0 12 15 15 29 21 43 80 80 125 160 183 199 199 177 168 179 185 185 207 259 284 294 315 289 269 286 286 294 329 356 360 360 391 408 403 401 401 389 405 419 416 416 402 371 361 341 341 316 304 261 206 206 141 134 151 190 190 272 324 352 358 358 313 232 141 75 75 41 15 20 14 
1 0 0 0 22 20 19 19 39 95 136 153 153 164 164 163 157 157 182 210 260 294 294 315 289 269 286 286 294 329 356 360 360 391 408 403 401 401 389 405 419 416 416 416 375 350 347 347 286 278 250 192 192 156 150 132 148 148 208 258 288 285 285 231 178 82 48 48 27 25 27 27 
0 0 0 0 10 10 0 0 14 57 106 139 139 149 138 142 156 156 189 244 271 309 309 309 294 282 288 288 289 296 328 360 360 399 412 413 428 428 434 434 441 421 421 416 375 350 347 347 286 278 250 192 192 156 150 132 148 148 208 258 288 285 285 231 130 63 49 49 40 27 27 30 
8 9 9 6 18 10 2 2 8 51 70 116 116 143 145 149 148 148 199 238 270 321 321 313 281 270 263 263 237 278 323 365 365 387 404 423 455 455 438 429 444 424 424 407 378 346 309 309 271 264 238 206 206 188 168 163 161 161 187 214 252 224 224 189 130 63 49 49 40 27 27 30 
8 8 8 27 23 7 16 16 24 44 63 97 97 128 143 154 178 178 198 228 276 309 309 317 273 267 242 242 228 250 280 344 344 373 404 439 469 469 463 450 472 452 452 415 351 352 295 295 256 258 251 227 227 204 198 177 185 185 194 197 210 189 189 166 114 79 32 32 24 24 25 32 
2 8 8 27 23 7 16 16 24 44 63 97 97 128 143 154 178 178 198 228 276 309 303 303 269 249 227 227 240 244 255 321 321 358 394 458 475 475 484 464 473 457 457 410 356 331 284 284 260 263 247 247 247 234 207 197 186 186 191 195 185 171 171 143 88 37 25 25 18 23 33 31 
2 0 3 21 9 0 0 0 1 31 49 79 79 116 122 137 176 176 192 220 261 303 303 303 269 249 227 227 240 244 255 321 321 358 394 458 475 475 484 464 473 457 457 410 359 300 251 251 255 247 227 237 237 212 214 193 162 162 158 166 149 121 121 89 53 20 1 1 0 4 17 17 
7 18 18 10 0 0 0 0 0 20 51 71 71 96 107 123 144 144 172 209 256 277 277 279 260 221 201 201 222 228 265 322 322 348 419 461 486 486 483 466 469 453 453 410 359 300 251 251 255 247 227 237 237 212 214 193 162 162 158 166 149 121 121 89 29 0 0 0 0 0 0 11 
4 2 2 10 0 0 0 0 0 27 50 88 88 101 102 109 132 132 157 199 257 278 278 258 249 234 227 227 228 225 284 317 317 356 413 457 486 486 512 491 481 454 454 429 382 309 265 265 257 231 219 235 235 218 202 195 134 134 124 126 119 93 93 69 29 0 0 0 0 0 0 11 
4 6 6 0 0 0 0 0 0 33 53 80 80 113 103 110 127 127 155 192 247 263 263 243 224 237 246 246 244 238 275 301 301 364 412 453 491 491 498 507 488 460 460 434 397 344 272 272 249 215 213 231 231 208 196 178 131 131 119 109 104 91 91 69 29 0 0 0 0 0 0 0 
12 6 6 0 0 0 0 0 0 33 53 80 80 113 103 110 127 127 155 192 247 263 232 233 223 220 237 237 224 236 260 301 301 353 394 431 475 475 489 502 489 483 483 440 409 345 282 282 239 216 205 206 206 197 180 153 138 138 108 97 97 78 78 50 16 0 0 0 0 0 0 0 
19 7 7 0 0 0 0 0 0 23 54 79 79 118 114 116 127 127 155 202 226 232 232 233 223 220 237 237 224 236 260 301 301 353 394 431 475 475 489 502 489 483 483 449 406 353 293 293 244 199 185 181 181 176 146 140 124 124 110 90 89 75 75 42 0 0 0 0 0 0 0 0 
5 0 0 0 0 0 0 0 0 21 56 92 92 110 119 119 112 112 145 169 191 201 201 210 233 215 213 213 219 217 244 282 282 337 367 417 463 463 473 498 478 481 481 449 406 353 293 293 244 199 185 181 181 176 146 140 124 124 110 90 89 75 75 42 6 0 0 0 0 0 0 0 
3 4 4 0 0 6 0 0 9 18 73 100 100 104 118 122 109 109 137 162 172 190 190 199 196 191 194 194 181 181 210 260 260 318 354 406 448 448 467 489 453 457 457 439 392 359 310 310 232 187 164 159 159 144 123 121 113 113 109 106 93 80 80 50 6 0 0 0 0 0 0 0 
3 15 15 13 15 8 11 11 6 18 57 67 67 86 115 119 109 109 125 146 153 163 163 160 155 162 176 176 172 167 193 256 256 277 321 413 455 455 502 473 451 441 441 415 369 328 292 292 231 187 153 137 137 117 109 106 111 111 102 104 72 65 65 32 20 0 0 0 0 0 0 0 
10 15 15 13 15 8 11 11 6 18 53 67 67 86 115 119 109 109 125 146 153 163 140 137 132 147 161 161 180 182 207 254 254 274 335 410 449 449 472 450 424 410 410 385 359 316 277 277 232 191 156 124 124 117 85 86 98 98 110 107 54 44 44 31 15 11 0 0 0 0 0 0 
11 11 11 11 17 15 19 19 17 15 26 48 49 72 96 100 117 117 111 118 136 140 140 137 132 147 161 161 180 182 207 254 254 274 335 410 449 449 472 450 424 410 410 354 312 307 262 262 222 198 147 114 114 114 86 72 70 70 77 85 41 22 22 20 10 10 0 0 0 0 0 0 
18 15 15 16 21 7 8 8 3 4 11 14 14 57 75 93 96 96 107 121 134 107 107 117 130 127 150 150 176 192 206 231 231 304 364 410 429 429 458 429 408 364 364 354 312 307 262 262 222 198 147 114 114 114 86 72 70 70 77 85 41 22 22 20 7 3 11 11 0 0 0 0 
17 11 11 18 5 0 0 0 0 0 0 0 0 20 58 73 100 100 105 114 108 100 100 104 126 128 142 142 178 187 221 257 257 311 381 427 444 444 457 434 407 363 363 329 297 283 267 267 231 203 158 107 107 92 75 70 75 75 67 46 12 8 8 21 7 3 11 11 0 0 0 0 
17 11 20 21 6 0 0 0 0 0 0 0 0 0 19 61 74 74 103 116 98 103 103 116 127 138 152 152 167 178 211 249 249 308 371 430 455 455 459 436 396 348 348 317 301 277 284 284 244 197 178 132 132 88 73 60 63 63 60 37 14 14 14 21 14 6 23 23 13 0 0 0 
24 20 20 21 6 0 0 0 0 0 0 0 0 0 19 40 74 74 103 116 98 103 110 125 126 155 164 164 155 196 204 240 240 304 376 424 433 433 460 429 397 349 349 313 291 278 284 284 244 218 177 140 140 97 78 65 47 47 29 14 0 0 0 4 15 0 20 20 22 22 18 11 
28 21 21 0 0 0 0 0 0 0 0 0 0 0 7 37 57 62 79 95 101 110 110 125 126 155 155 164 155 196 204 204 240 304 376 424 424 433 460 429 397 397 349 305 286 284 284 281 253 210 160 160 131 96 74 56 56 36 19 0 0 0 0 0 18 9 9 19 29 32 45 45 
33 33 12 0 0 0 0 0 0 0 0 0 0 0 0 5 5 32 65 80 104 104 122 128 131 154 154 170 175 208 210 210 246 317 362 432 432 447 466 437 386 386 347 305 286 284 284 281 253 210 160 160 131 96 74 56 56 36 19 0 0 0 0 0 7 3 3 34 41 42 41 41 
22 22 4 0 0 0 0 0 0 0 0 0 0 0 0 0 0 17 28 58 96 96 130 141 141 171 171 184 185 192 190 190 234 314 368 440 440 486 475 462 397 397 343 298 275 265 265 259 229 194 144 144 112 87 68 38 38 22 15 0 0 0 0 0 7 3 3 34 41 42 41 41 
22 22 11 4 0 0 0 0 0 0 2 2 0 3 0 2 2 4 3 28 78 78 101 114 140 162 162 182 177 174 171 171 207 275 370 441 441 496 509 455 398 398 330 278 232 234 234 225 208 191 124 124 94 62 34 8 8 5 3 0 0 0 0 0 0 15 15 25 42 36 50 50 
23 23 11 4 0 0 0 0 0 0 2 2 0 3 0 2 2 4 3 28 80 78 71 94 143 158 158 158 162 168 140 140 183 253 326 423 423 472 484 445 375 375 318 242 179 173 173 186 168 154 93 93 74 42 9 4 4 0 0 0 0 0 0 0 7 5 5 28 32 40 46 46 
16 16 9 9 7 9 9 19 23 8 0 0 5 15 0 0 0 0 0 10 56 56 71 94 143 158 158 158 162 168 140 140 183 253 326 423 423 472 484 445 375 375 318 206 134 137 137 138 137 116 58 58 26 16 2 0 0 7 3 0 0 0 6 13 14 28 28 25 38 39 37 37 
19 19 19 11 14 28 28 31 31 24 37 37 28 12 0 0 0 0 0 6 22 22 58 76 99 145 145 120 132 124 112 112 154 219 297 382 382 436 466 413 340 340 296 206 134 137 137 138 137 116 58 58 26 16 2 0 0 7 3 0 0 0 6 13 27 30 30 29 34 37 32 32 
22 22 18 28 31 34 34 43 37 49 59 59 44 18 5 0 0 0 0 0 11 11 36 54 73 97 97 97 87 81 76 76 128 170 240 316 316 368 405 353 281 281 230 161 89 74 74 84 92 83 42 42 16 17 18 6 6 8 30 38 24 24 21 21 27 30 30 29 34 37 32 32 
22 22 31 33 44 43 43 49 61 60 57 57 38 28 24 7 7 0 3 2 0 0 34 38 47 68 68 53 54 47 43 43 77 126 177 242 242 298 327 272 215 215 177 99 50 46 46 41 46 69 39 39 37 41 42 47 47 41 46 37 36 36 30 37 46 30 30 45 37 41 30 30 
20 20 31 33 44 43 43 49 61 60 57 57 38 28 24 7 7 0 3 2 0 0 44 46 51 34 39 36 25 20 16 16 49 80 109 174 174 225 239 222 169 169 137 82 41 39 39 30 37 52 41 41 65 60 64 60 60 67 66 50 48 48 33 28 42 33 33 49 47 40 46 46 
38 38 38 47 52 42 42 55 60 50 51 51 33 36 29 19 19 23 43 36 25 25 44 46 51 34 34 36 25 20 16 16 49 80 109 174 174 225 239 222 169 169 137 82 41 39 39 30 37 52 41 41 65 60 64 60 60 67 66 50 48 48 33 28 42 33 33 49 47 40 46 46 
38 38 38 47 52 42 42 55 60 50 51 51 33 36 29 19 19 23 43 36 25 25 44 46 51 34 34 50 25 20 16 16 49 80 109 174 174 225 239 222 169 169 137 82 41 39 39 30 37 52 41 41 65 60 64 60 60 67 66 50 48 48 33 28 42 33 33 49 47 40 46 46 
38 38 38 47 52 42 42 55 60 50 51 51 33 36 29 19 19 23 43 36 25 25 44 46 51 34 34 50 25 20 16 16 49 80 109 174 174 225 239 222 169 169 137 82 41 39 39 30 37 52 41 41 65 60 64 60 60 67 66 50 48 48 33 28 42 33 33 49 47 40 46 46 
38 38 38 47 52 42 42 55 60 50 51 51 33 36 29 19 19 23 43 36 25 25 44 46 51 34 34 50 25 16 16 16 49 80 109 174 174 225 239 222 169 169 137 82 41 39 39 30 37 52 41 41 65 60 64 60 60 67 66 50 48 48 33 28 42 33 33 49 47 40 46 46 
38 38 38 47 52 42 42 55 60 50 51 51 33 36 29 19 19 23 43 36 25 25 44 46 51 34 34 50 25 16 31 16 49 80 109 174 174 225 239 222 169 169 137 82 41 39 39 30 37 52 41 41 65 60 64 60 60 67 66 50 48 48 33 28 42 33 33 49 47 40 46 46 
38 38 38 47 52 42 42 55 60 50 51 51 33 36 29 19 19 23 43 36 25 25 44 46 51 34 34 50 25 16 31 31 49 80 109 174 174 225 239 222 169 169 137 82 41 39 39 30 37 52 41 41 65 60 64 60 60 67 66 50 48 48 33 28 42 33 33 49 47 40 46 46 
38 38 38 47 52 42 42 55 60 50 51 51 33 36 29 19 19 23 43 36 25 25 44 46 51 34 34 50 25 16 31 31 45 80 109 174 174 225 239 222 169 169 137 82 41 39 39 30 37 52 41 41 65 60 64 60 60 67 66 50 48 48 33 28 42 33 33 49 47 40 46 46 
38 38 38 47 52 42 42 55 60 50 51 51 33 36 29 19 19 23 43 36 25 25 44 46 51 34 34 50 25 16 31 31 45 100 109 174 174 225 239 222 169 169 137 82 41 39 39 30 37 52 41 41 65 60 64 60 60 67 66 50 48 48 33 28 42 33 33 49 47 40 46 46 
38 38 38 47 52 42 42 55 60 50 51 51 33 36 29 19 19 23 43 36 25 25 44 46 51 34 34 50 25 16 31 31 45 100 141 174 174 225 239 222 169 169 137 82 41 39 39 30 37 52 41 41 65 60 64 60 60 67 66 50 48 48 33 28 42 33 33 49 47 40 46 46 